0,273
162,1
162,3
3,2
3,1
3,3
10,131
10,77
10,139
10,85
10,263
10,173
10,191
10,29
10,2
10,3
11,30
9,5
9,7
8,12
8,16
8,8
8,13
8,17
8,2
8,3
20,3
20,2
20,1
19,3
19,2
19,1
12,3
12,2
12,1
11,29
11,28
11,27
11,26
11,25
11,24
11,23
11,22
11,21
11,20
11,19
11,18
11,17
11,16
11,15
11,14
11,13
11,12
11,11
11,10
11,9
11,8
11,7
11,6
11,5
11,4
11,3
11,2
11,1
10,312
10,310
10,307
10,304
10,302
10,283
10,270
10,260
10,258
10,254
10,250
10,248
18,1
10,244
10,238
18,3
10,234
10,216
10,214
10,196
10,166
10,124
10,106
10,96
10,84
10,1
10,68
9,1
9,4
9,3
2,2
2,1
9,2
2,3
8,18
8,10
8,7
8,1
8,5
0,0
0,270
14,1
13,1
14,3
13,3
0,9
177,34
